19
57
47
64
66
49
46
19
13
1
17
-1
-20
-2
-25
-3
-20
-22
-27
-8
-5
7
7
-4
-42
-29
-20
-18
13
18
11
19
18
5
0
-2
-15
-21
-20
-33
-5
-5
-24
-6
-25
-16
-13
-17
-6
-11
-17
-6
-10
15
-9
27
34
47
49
65
50
53
25
21
28
38
36
46
65
53
40
0
7
21
23
-5
-2
2
-11
-16
-15
11
-17
-9
-19
-11
7
18
-1
-23
-6
2
-5
19
12
13
8
14
11
11
-4
-15
-1
-7
12
-19
-22
-11
-10
-31
6
-22
-10
-17
-10
10
11
20
13
6
22
28
40
47
57
56
10
17
42
36
30
32
47
32
19
15
19
4
4
-12
-7
-18
-14
-7
7
-20
0
-46
-38
-9
-28
2
6
-9
-4
-12
10
15
15
22
6
32
18
7
-1
-15
-10
-10
-3
-21
-13
-25
-5
-11
-13
-19
-15
-20
-22
-22
13
8
13
36
18
8
19
51
30
38
27
26
37
38
41
48
35
34
4
12
23
-7
-3
10
-39
-33
-20
-14
-6
-19
-14
-45
-12
-11
0
17
1
-21
-6
4
27
21
25
34
5
32
12
24
-16
0
-9
-8
7
-2
-21
-29
-18
-15
-1
6
-18
-32
-31
-23
10
13
4
19
10
18
27
28
55
17
47
33
45
43
43
51
41
24
10
5
28
23
2
-31
-20
-19
-34
-35
-10
-7
-15
-26
-9
-15
-15
1
-6
-7
2
-2
27
30
41
21
31
30
19
3
0
-4
-3
13
-2
-11
-3
-31
-11
-16
6
9
-25
-17
-11
-30
-10
-19
13
33
22
16
44
44
24
44
18
37
19
50
54
65
68
49
37
19
12
13
13
-18
-2
-31
-29
-40
-16
-2
-20
-36
-37
-38
-25
1
-3
-13
-11
-7
4
34
36
15
26
37
23
19
-6
-12
2
0
4
-31
-43
-38
-24
2
3
-12
-32
-12
-8
-14
0
16
25
23
22
38
57
74
67
54
27
-1
-2
20
0
45
72
49
51
50
34
16
5
-4
-6
-11
-38
-29
-16
-17
-27
-48
-49
-66
-70
-40
-9
-17
-12
-9
-4
14
37
14
28
36
10
3
-23
-17
2
-29
-15
-45
-66
-54
-47
-16
1
-25
-21
-13
5
7
9
30
8
18
32
36
72
44
37
29
14
4
-12
-23
-23
14
35
49
61
48
52
39
2
4
14
15
7
-16
-2
11
-2
-35
-45
-69
-71
-41
-26
-11
-28
-11
-15
17
17
20
29
13
13
-12
-35
-47
-11
-12
-38
-52
-60
-43
-40
-20
-4
-29
-17
-3
19
15
19
7
35
36
36
57
58
59
27
-30
-23
6
-11
-7
-30
-29
13
38
33
30
74
32
16
15
11
40
12
20
-1
9
1
-24
-35
-45
-49
-39
-28
-20
-22
-29
-9
0
26
-6
21
26
-6
-21
-17
-17
-19
-7
-50
-55
-41
-42
-21
-9
9
-7
4
-1
26
30
8
38
54
65
29
30
12
-29
-12
-12
-18
-30
-35
-50
-42
-49
-20
-10
16
34
36
35
45
32
35
65
42
35
45
35
13
-20
-17
-50
-39
-43
-30
-8
-19
-16
-27
-3
17
28
29
17
3
-20
-21
-14
-25
-16
-27
-46
-45
-12
-17
7
40
50
48
32
41
33
20
52
54
30
9
-8
-14
-35
-47
-56
-51
-35
-50
-46
-38
-45
-24
-3
-39
-28
23
11
23
30
26
35
51
48
46
53
11
-4
-22
-42
-45
-29
-30
-16
-23
-28
-27
4
40
45
26
11
-16
-21
-7
9
-9
-21
-10
-31
-34
-9
-7
16
40
40
51
41
21
34
28
24
22
-5
-38
-29
-21
-39
-25
-47
-36
-36
-53
-61
-35
-54
-62
-67
-58
-57
-24
-17
9
6
11
16
38
69
63
43
37
6
-5
-19
-18
-16
-13
-23
-13
-10
-15
-8
-5
4
16
11
1
-16
-33
-31
-27
-22
-12
-15
-10
-8
-5
26
46
69
62
30
26
11
21
7
13
-27
-61
-45
-47
-69
-51
-33
-47
-50
-77
-85
-34
-50
-70
-62
-65
-72
-50
-19
13
-5
-46
-10
17
24
21
20
9
-6
-26
-33
-43
-39
-26
-6
-3
-28
-26
-3
12
19
5
-3
-14
-21
-12
-12
-39
-9
-31
-36
-31
-21
0
15
19
21
21
26
1
-1
-1
14
18
-19
-49
-66
-66
-63
-54
-64
-78
-51
-64
-26
-7
-31
-43
-56
-43
-48
-36
-30
-21
-42
-49
-56
-38
-37
-17
-12
-8
7
13
-7
-25
-16
-12
-1
16
-1
-6
-8
12
14
-9
9
-5
14
-13
3
-6
-4
-2
-11
-1
6
14
13
-31
-28
-17
-17
-16
-34
-22
-3
-10
-27
-18
-49
-60
-45
-12
-7
-39
-53
7
20
13
7
-28
-28
-23
-17
-57
-28
-38
-3
-20
-32
-59
-68
-50
-21
-1
26
18
15
18
5
20
20
18
24
18
8
17
4
13
19
31
39
20
29
13
19
-1
30
-5
-1
17
-19
-14
-27
-49
-68
-47
-24
-2
-18
-2
-7
-17
6
-18
-7
14
42
14
13
1
-2
47
38
14
2
-24
-4
19
-12
-5
9
13
3
-30
-21
-43
-39
-9
2
-6
10
55
28
43
48
49
54
50
61
30
5
18
32
66
48
60
31
18
35
54
57
6
28
24
-21
-33
-56
-43
-34
-11
-8
8
11
16
-1
-15
12
9
33
51
44
30
10
14
20
33
80
13
8
8
-11
5
9
8
2
14
12
-2
-15
-5
-22
-9
1
26
21
63
47
60
50
42
43
61
79
47
39
31
57
48
70
70
44
40
59
58
40
22
28
-16
-9
-28
-29
-6
-17
1
13
9
10
31
18
2
9
-3
45
37
39
2
11
-1
30
41
33
21
28
20
6
-7
14
26
21
21
19
12
-8
11
-22
-5
-3
-3
7
18
38
50
33
24
42
49
51
33
12
14
26
29
68
48
24
39
49
58
30
-5
4
9
-10
-24
-19
-24
-10
1
-9
46
34
17
15
15
30
35
44
35
45
-14
23
-14
-11
4
11
15
10
-5
-5
-3
24
42
45
-1
33
40
39
-18
-26
-19
-4
-13
0
22
22
40
39
12
20
-3
-18
-36
-49
-19
-16
-16
0
34
20
33
32
18
30
22
13
10
-27
-22
-18
-4
-1
-11
9
15
20
40
27
-10
-4
2
20
13
5
-14
9
25
25
18
15
13
26
-16
-3
-12
10
40
18
5
14
30
16
18
-4
-16
-1
11
4
15
17
13
15
-12
-11
-21
-51
-61
-41
-52
-56
-18
-28
-23
9
22
32
25
9
17
-8
21
12
-24
-19
-8
-24
4
-14
15
21
-4
3
-3
-2
23
18
18
7
12
21
20
16
19
34
36
26
-9
-46
-20
-4
-14
-2
-19
-7
7
37
25
2
-5
4
3
-3
-17
-13
-10
3
-31
-37
-42
-46
-28
-43
-36
-26
-25
-37
-29
-12
-2
4
-8
11
-3
-17
-3
3
-18
25
8
-19
-28
-23
-15
-20
-9
-5
-22
18
12
32
31
28
17
26
35
29
35
19
30
16
-21
-7
-22
-11
-4
-8
-7
6
13
23
26
-16
-17
-25
-33
-27
-22
-14
-10
4
-16
-41
-34
-42
-44
-69
-49
-37
-41
-43
-49
-67
25
-15
-16
-38
-23
-24
-5
-28
-19
22
16
-10
1
-8
-20
6
-40
-20
-25
-22
0
21
22
16
13
21
21
13
18
1
53
20
8
-22
-16
-21
-9
6
14
13
5
12
9
-11
-43
-23
-30
-25
-46
-41
3
-24
-34
-49
-45
-37
-50
-57
-61
-43
-29
-36
-42
-35
-9
-12
-22
-85
-30
-24
-18
-21
-24
12
2
5
2
6
-3
-4
-5
-10
-16
-28
25
14
-5
-2
-5
8
57
23
-14
-3
6
4
-3
-2
-34
8
-7
8
28
6
-6
9
9
-4
-27
-12
-11
-40
-47
-10
-33
-40
-31
-11
-17
-46
-62
-56
-78
-37
-29
-53
-34
-67
-40
-34
-48
-40
-18
-25
-20
-26
-3
-1
9
18
3
5
12
-2
-17
-20
-33
-22
-12
3
-12
4
7
29
67
29
14
17
25
16
-18
-52
-40
-11
-15
5
5
-9
-33
-18
-9
-42
-40
-46
-34
-19
-30
-4
-18
-38
1
25
6
-17
-37
-56
-57
-17
-29
10
3
13
-9
-31
-19
-30
-13
-32
-50
-36
-28
-12
1
-23
-12
25
-2
-2
-5
-27
-19
-29
15
9
-28
2
36
44
52
31
32
8
48
46
2
0
-16
0
2
-2
-17
-18
-49
-25
-38
-55
-52
-77
-41
-10
9
6
-9
12
45
45
27
20
-22
-41
-36
4
18
45
49
44
16
-6
16
-5
0
-58
-50
-6
-37
-34
-25
-26
-13
-10
3
2
-9
-13
1
34
24
33
7
39
19
34
21
0
-9
-10
20
9
21
14
4
-1
-23
9
-10
-37
-61
-36
-40
-55
-27
-10
-9
22
12
34
61
40
46
76
47
48
13
-35
-11
15
70
68
94
64
44
44
29
17
19
-8
-13
15
-22
-37
-27
-51
-15
2
17
21
-25
-23
2
13
-11
7
-16
-20
12
29
69
13
9
-26
13
20
3
-12
-3
-18
-12
5
7
-17
-43
-45
-27
-36
2
-13
0
40
31
28
45
38
36
61
75
45
20
-10
-14
7
63
82
70
56
44
29
-7
18
10
-7
-18
-19
-41
-31
-10
-35
-14
16
16
1
1
5
21
28
23
14
-23
2
8
64
35
58
61
45
48
46
43
31
5
6
7
38
27
41
23
11
-23
-18
-42
-36
15
38
24
30
31
28
43
67
68
36
45
34
15
41
55
40
44
52
41
26
32
19
2
-13
-2
-41
-28
25
-9
0
13
45
38
8
2
-3
38
48
18
63
51
54
36
72
2
24
29
57
46
55
49
45
15
4
38
56
55
43
28
10
45
-6
-9
-13
6
40
52
42
9
21
-2
19
8
37
47
22
34
41
42
16
2
20
21
6
39
44
50
13
4
-2
3
4
-3
18
25
26
53
21
10
-11
44
45
51
34
12
-13
19
21
-41
-63
-39
-49
-33
-22
6
16
-8
3
27
20
27
24
8
12
0
14
-12
18
21
31
41
-2
28
27
-34
-28
-21
12
1
45
41
21
13
-10
-26
-13
0
9
14
39
40
17
4
-3
28
24
13
18
22
31
42
34
-9
6
-20
24
-14
-48
-47
-46
-49
-25
-43
-85
-82
-55
-69
-48
-31
-8
-47
-25
-24
-8
23
10
-17
-21
-9
-41
-19
-26
-1
9
-5
-13
-16
-12
-33
-20
-9
-15
50
90
69
71
16
-14
-33
-22
-8
-13
24
30
24
20
11
8
17
-7
14
8
2
32
21
-8
-11
-53
-13
-22
-40
-55
-80
-69
-38
-34
-63
-13
-45
-32
-64
-34
-6
-54
-51
-63
-43
-30
-10
-4
-42
-34
-12
-6
-3
15
21
17
-15
-8
-14
-10
-40
-23
-11
-18
5
6
27
32
11
-16
-40
-21
10
19
12
9
30
37
46
32
16
3
-24
-12
-21
-17
-13
-32
-19
-59
-33
-20
-48
-35
-42
-44
-46
-24
-24
-35
-34
-37
-26
-16
-26
-22
-34
-42
-38
-28
-41
6
-12
-31
13
10
-7
-11
53
19
10
8
8
12
-29
-36
-55
-14
-5
22
-11
0
0
-34
-32
-36
5
2
11
24
30
35
33
45
5
17
-15
-6
-19
-27
-29
-27
-13
-26
-1
-5
4
-37
-32
-40
-29
-23
-5
-19
-16
-15
-15
-14
-6
-28
-3
-9
-16
-54
-36
-29
-50
-34
-18
-3
18
21
46
7
-17
-17
-14
-26
-10
-2
-17
-11
-3
34
7
15
-7
-2
0
6
-45
4
13
1
22
50
25
-2
-6
-3
-30
-13
-34
-7
-10
-15
8
-29
-21
1
-20
-6
-24
-44
-25
11
16
-17
-10
5
34
-2
0
-1
-21
-10
4
-31
-16
3
-32
-29
-21
-22
3
38
9
-10
-27
-26
-26
-39
-31
2
-6
-12
-13
1
-21
-10
4
-1
5
-10
-61
-31
-21
-43
3
32
-10
-12
-45
1
8
-46
24
10
10
11
9
-24
-34
6
-8
23
7
-24
-29
-3
6
-17
-19
-8
39
1
10
10
-2
5
14
19
12
35
-17
-8
-19
-18
-32
-40
-12
-38
-32
-44
-30
-39
-20
-15
-22
-61
-42
-59
-42
-50
-39
-23
-32
-13
-59
-21
-42
-55
-46
-41
-35
-58
-26
-46
-11
-13
16
24
27
12
10
-1
-18
-7
-5
6
-7
1
5
-13
-5
-4
-27
-17
21
-32
-28
7
7
26
-16
30
25
7
6
5
-23
21
-15
-41
-36
-51
-69
-14
-12
-11
-15
-20
-31
-74
-45
-42
-45
-47
-29
-1
-20
-39
-42
-7
-28
-81
-61
-43
-43
-16
-17
-36
-49
-25
15
18
10
10
27
-28
-8
-35
-14
-4
3
-33
-8
-22
-20
8
-8
-5
2
-42
12
14
1
9
10
-12
24
19
0
-5
-8
0
-29
-74
-61
-48
-69
-13
-43
-7
0
-43
-27
-34
-31
-23
-60
-37
-62
-34
-15
-29
-35
13
-16
-59
-24
-54
-73
-71
-23
-28
-33
-32
5
9
26
20
36
7
-2
-18
-23
-7
6
-10
-15
-50
6
36
7
23
-11
7
5
14
6
1
46
35
28
7
16
-17
-21
-1
-27
-26
-9
-18
-19
-27
-53
-50
-11
-19
-28
-57
-33
-31
-16
-41
-36
-43
-32
-31
-46
-59
-27
-33
-18
-22
-28
-16
-29
-32
-38
-9
11
-13
7
0
6
14
5
-2
-17
-6
7
3
16
28
41
53
45
5
29
15
22
0
45
32
39
29
-10
2
-17
-38
-33
-3
-12
-26
-13
-6
-39
-32
-34
-16
1
-35
-34
-30
-20
-10
-22
-38
-42
-51
-22
-23
-32
-71
-28
-21
-29
-21
-20
-18
-24
4
-28
-24
12
-16
-11
18
36
26
14
13
5
22
25
47
43
57
52
64
74
52
58
38
54
38
53
48
59
18
27
5
-14
-31
-28
-28
-37
-9
-16
-32
-3
-27
-69
-16
4
-27
-49
-32
1
3
14
-3
-40
-55
-27
11
-26
-41
-8
-17
-20
-29
5
-6
-24
1
-13
-8
10
14
5
38
43
26
35
26
34
70
34
62
64
80
50
108
64
75
80
75
23
40
48
55
47
47
59
68
-4
-4
-22
-36
-78
-37
5
-23
21
5
-21
4
12
-2
-26
-5
20
41
-7
5
-3
-22
-12
11
-2
-29
-22
2
-20
26
-8
-43
-46
-16
-12
-5
50
50
47
36
46
28
16
20
63
77
85
79
73
78
69
100
85
78
77
61
36
36
28
12
7
46
52
48
-11
-28
-15
-38
-45
-44
-19
-4
22
3
-8
-1
4
-5
5
12
12
16
16
23
8
8
-3
10
32
12
5
15
-10
-33
-41
-44
-33
-24
-16
-14
30
61
43
28
38
0
37
37
54
108
77
80
88
79
52
70
65
31
54
19
10
32
19
30
37
33
17
20
-14
-37
-50
-61
-76
-99
-36
-30
-28
-46
-11
-11
-15
-13
1
-19
25
11
16
46
-3
-41
5
-21
-11
-22
-21
-19
-16
-26
-44
-45
-60
-39
-5
-29
12
38
34
26
16
7
21
8
12
61
39
60
68
77
44
21
17
34
40
-1
-17
-7
0
-9
12
9
14
8
-8
-18
-47
-56
-72
-46
-57
-28
-3
-20
10
23
4
29
26
15
-6
12
43
2
31
-10
3
1
-9
-38
-30
-35
-14
-46
-54
-39
-5
-31
-19
-32
-13
19
6
-9
16
9
-36
8
-9
24
20
27
48
33
31
11
19
7
2
-3
-31
-8
-3
5
-14
18
38
5
3
-8
-5
-14
-3
-28
-4
9
17
-3
-11
40
30
60
55
51
40
12
42
33
41
52
47
22
25
-4
6
2
31
-7
4
13
3
0
-6
13
-7
21
25
24
26
0
10
-8
-30
5
8
10
1
42
28
-5
16
-9
24
5
-21
0
7
-6
-37
5
18
34
12
28
8
19
-21
-26
35
16
41
8
35
12
19
15
31
21
30
42
57
28
11
17
14
7
32
35
19
14
39
13
-2
-33
-1
23
12
26
17
24
1
26
-2
-10
-7
-13
-2
10
-2
4
13
21
-1
18
-12
6
-13
-38
-69
-55
7
-35
-33
-15
-1
20
29
16
-4
-21
-12
16
17
16
20
-5
-4
0
-13
7
30
11
40
29
42
34
24
13
16
-8
12
7
9
8
7
22
-3
3
-10
7
27
5
24
19
-5
-37
-44
-13
-36
-39
-16
3
-9
11
31
31
-7
-10
-9
-20
-42
-47
-52
-26
1
-11
0
3
10
21
3
2
2
12
-12
-3
9
-16
6
-1
-23
-17
-35
22
11
27
10
13
22
31
20
16
13
-10
19
-1
8
-3
0
-2
13
18
11
0
-29
6
2
29
9
-23
-16
-16
-51
-66
-75
-40
-44
-15
-1
6
25
14
-27
-28
-26
-52
-41
-3
-2
-4
-21
20
-22
13
13
-5
-8
9
-20
-15
-27
-29
11
-36
-27
4
13
8
8
3
24
59
48
37
8
13
12
4
26
8
2
-28
-17
-8
-25
2
-13
-10
-10
-9
-1
-14
20
-1
-34
0
-13
-13
-47
-45
-37
-7
16
36
48
28
-6
-9
14
-25
0
-13
-5
-13
3
9
-37
4
-8
-25
-27
-34
-20
-10
-11
-15
-7
6
11
50
48
35
26
37
33
39
55
40
8
1
19
12
29
16
-7
1
-13
-1
6
-34
-13
-13
-10
-11
0
-29
-5
4
-7
16
19
-11
-17
-6
-27
-25
23
70
63
28
-5
3
18
6
13
-10
-5
9
19
20
-9
2
-21
-23
-31
-5
-19
-3
14
-3
-4
8
24
29
13
8
-17
19
30
55
30
44
13
-30
-19
6
-7
6
-5
12
-6
-9
17
-5
-17
7
-17
-17
-16
-23
-4
-6
1
-15
-3
-1
24
33
-27
10
65
39
59
53
5
8
26
-10
1
-6
-13
19
24
16
22
-10
3
11
26
25
-2
13
19
19
17
-16
-12
-5
-40
-30
-37
-18
8
19
32
34
-8
-33
-49
16
17
-3
5
9
9
5
24
9
24
-8
15
17
-21
-1
3
29
10
-14
1
-28
-20
20
-6
-3
24
43
46
39
22
17
10
-6
-27
14
16
24
28
38
20
16
10
9
20
14
13
23
26
14
2
-24
-26
-26
6
-29
-32
0
19
15
10
23
12
-24
-25
2
-46
-11
-2
-15
9
17
32
31
16
-7
-14
17
11
8
11
13
27
15
3
-2
-2
20
25
20
53
34
61
52
23
58
41
6
-11
6
2
35
41
30
20
19
-1
12
-17
20
8
19
3
13
-14
-21
-23
-19
-24
-18
-11
12
8
-3
8
6
-18
-24
-32
-17
0
-27
-18
-23
5
11
19
-5
11
6
8
9
22
2
42
28
47
11
12
2
3
25
37
18
55
54
39
32
49
38
22
1
1
-9
20
13
13
-9
-19
4
46
13
31
39
18
30
18
-10
-11
-9
-23
-34
-6
-6
-9
9
14
-7
0
3
-8
-13
-19
-16
-42
-33
-24
-1
-6
19
32
32
30
32
-2
11
13
-8
-1
16
9
3
13
9
17
35
75
44
44
50
56
28
50
35
19
-1
-6
0
-6
-7
-5
-12
-3
-5
25
7
14
27
14
31
27
19
4
-20
-20
-25
-6
15
20
2
8
13
26
11
8
33
-17
-15
-28
-25
-15
-10
-4
16
28
12
3
14
-9
0
3
3
-19
-16
-10
7
19
35
11
26
60
50
34
58
46
34
29
33
39
11
10
16
9
-15
-3
4
-18
-8
-23
2
-27
17
12
26
31
22
8
-4
5
9
1
-11
8
11
9
2
16
1
0
-16
-16
-23
-25
-12
-12
-16
19
30
26
5
2
1
-6
-7
-1
-38
-14
-13
-5
-12
4
27
32
36
45
57
25
38
55
49
17
28
11
41
11
-2
-26
-16
-5
-1
-23
-29
10
0
-9
-1
3
21
32
6
-16
-36
-14
-2
-7
-22
-23
-16
-30
-7
-8
-27
-18
-16
-16
-26
-9
-36
-23
8
-4
30
23
-12
5
0
3
-11
-6
-6
-8
-17
19
-11
-7
16
37
29
62
27
46
42
56
36
15
45
23
12
-38
1
-20
-7
-13
-11
-3
-2
3
-49
-4
-3
-1
21
-4
-8
-35
-29
-19
-21
-14
-43
-6
5
-39
-42
-33
-26
-13
-25
-17
-27
-10
-27
-38
-11
-13
7
19
-10
-3
-11
-31
-8
6
-13
2
-16
-42
-11
-9
-18
27
23
36
28
46
66
47
34
8
16
25
-5
-44
-26
2
-28
3
-23
16
4
-6
-11
-13
-36
-37
7
-8
-26
-13
-26
-25
-12
-25
-17
-27
-26
-24
-14
-12
-16
-27
-28
-21
-5
-14
-26
-2
-35
-23
-9
-7
0
-29
-1
3
7
0
-7
4
-22
-8
-18
-34
-39
-21
17
7
15
40
23
20
16
-6
17
19
-23
-44
-43
-10
-19
-1
9
-11
-37
-19
-13
-16
-11
-6
0
-18
-27
-40
-31
13
-15
-6
-39
-27
-20
-20
-19
-8
-4
-24
-10
-9
-42
17
-23
-28
-21
-42
-22
4
-6
-10
-25
-6
-19
-35
-9
22
-10
-26
-28
-48
-52
-21
5
-2
11
6
58
-33
6
17
-12
-7
-17
-20
-33
-20
-30
4
-22
-23
-9
-16
-14
2
3
-23
-20
-10
-15
-33
-20
-37
-14
-18
-23
-10
-67
-11
-44
-10
-12
-18
-16
1
-32
-35
-11
-22
-21
-60
-48
1
-10
-1
22
-31
-12
-18
-13
12
-1
-21
-6
-22
-33
-48
-8
17
2
18
30
